expAnalytical = [0
0
0
0
0
0
0
0
0
0
0
0
0
0
0
0
0
0
0
0
0
0
0
0
0
0
0
0
0
0
0
0
4.54051e-312
4.91632e-289
6.92036e-267
1.26639e-245
3.01274e-225
9.31766e-206
3.74632e-187
1.95819e-169
1.33063e-152
1.17547e-136
1.34995e-121
2.01548e-107
3.91193e-94
9.87087e-82
3.23796e-70
1.38083e-59
7.65531e-50
5.51743e-41
5.16968e-33
6.29712e-26
9.97179e-20
2.05285e-14
5.49405e-10
1.91153e-06
0.000864614
0.0508411
0.388652
0.386241
0.049901
0.000838131
1.83007e-06
5.19487e-10
1.91706e-14
9.19702e-20
5.73604e-26
4.65082e-33
4.90229e-41
6.7177e-50
1.19673e-59
2.77154e-70
8.34451e-82
3.26612e-94
1.66194e-107
1.09939e-121
9.45457e-137
1.05702e-152
1.5363e-169
2.90284e-187
7.13051e-206
2.27704e-225
9.45311e-246
5.10188e-267
3.57963e-289
3.26511e-312
0
0
0
0
0
0
0
0
0
0
0
0
0
0
];

expExplicitC025 = [0
0
0
0
0
0
0
0
0
0
0
0
0
0
0
0
0
0
0
0
0
0
0
1.66471e-316
1.83216e-293
2.62144e-271
4.87605e-250
1.1791e-229
3.70666e-210
1.51485e-191
8.04836e-174
5.55902e-157
4.99162e-141
5.82689e-126
8.8427e-112
1.74456e-98
4.47444e-86
1.49191e-74
6.46697e-64
3.64427e-54
2.66977e-45
2.54266e-37
3.14815e-30
5.06732e-24
1.0604e-18
2.88571e-14
1.02338e-10
4.80584e-08
3.34114e-06
5.64978e-05
0.000454051
0.00225823
0.00789066
0.0208249
0.0434703
0.0740703
0.105391
0.127361
0.132432
0.119697
0.0947956
0.0662039
0.0409796
0.0225723
0.0110981
0.00488185
0.00192432
0.000680358
0.000215829
6.14152e-05
1.5662e-05
3.57404e-06
7.28183e-07
1.32064e-07
2.12368e-08
3.01302e-09
3.74803e-10
4.0558e-11
3.78005e-12
2.99596e-13
1.98605e-14
1.07708e-15
4.63449e-17
1.51336e-18
3.49941e-20
5.08419e-22
3.63712e-24
6.7585e-27
1.90145e-30
7.1087e-35
3.465e-40
2.1965e-46
1.81023e-53
1.93951e-61
2.70148e-70
4.89176e-80
1.15154e-90
3.5241e-102
1.40206e-114
7.2517e-128
];
expExplicitC050 = [0
0
0
0
0
0
0
0
0
0
0
0
0
0
0
0
0
0
0
0
0
0
0
2.24774e-317
2.47383e-294
3.53954e-272
6.58378e-251
1.59205e-230
5.00484e-211
2.04539e-192
1.08671e-174
7.50595e-158
6.73982e-142
7.86764e-127
1.19397e-112
2.35555e-99
6.04151e-87
2.01442e-75
8.73189e-65
4.9206e-55
3.6048e-46
3.43317e-38
4.25073e-31
6.84206e-25
1.43182e-19
3.89717e-15
1.38401e-11
6.56732e-09
4.88031e-07
1.02462e-05
0.000108783
0.000723413
0.00335077
0.0114938
0.0303439
0.0632305
0.105751
0.143469
0.158828
0.143757
0.10618
0.0636218
0.0306001
0.0116191
0.00339657
0.000735659
0.00011107
1.05193e-05
5.05389e-07
6.91254e-09
1.48554e-11
4.26808e-15
1.60007e-19
7.80207e-25
4.94605e-31
4.07628e-38
4.36739e-46
6.0832e-55
1.10153e-64
2.59304e-75
7.93556e-87
3.15717e-99
1.63294e-112
1.09798e-126
9.5978e-142
1.09069e-157
1.61133e-174
3.09469e-192
7.72688e-211
2.50809e-230
1.05836e-250
5.80602e-272
4.14071e-294
3.83905e-317
0
0
0
0
0
0
];
expExplicitC075 = [0
0
0
0
0
0
0
0
0
0
0
0
0
0
0
0
0
0
0
0
0
0
0
7.02418e-319
7.73072e-296
1.10611e-273
2.05743e-252
4.97515e-232
1.56401e-212
6.39184e-194
3.39598e-176
2.34561e-159
2.1062e-143
2.45864e-128
3.73115e-114
7.3611e-101
1.88797e-88
6.29507e-77
2.72872e-66
1.53769e-56
1.1265e-47
1.07287e-39
1.32835e-32
2.13816e-26
4.47479e-21
1.21858e-16
4.34451e-13
2.12159e-10
1.85723e-08
5.82114e-07
9.87385e-06
0.000106602
0.000794333
0.00427119
0.0169811
0.050455
0.111992
0.183562
0.216588
0.175647
0.0900088
0.0245914
0.00229548
3.71725e-05
8.19225e-08
2.36156e-11
8.85719e-16
4.31907e-21
2.73806e-27
2.25656e-34
2.41772e-42
3.36756e-51
6.09788e-61
1.43547e-71
4.393e-83
1.74776e-95
9.03969e-109
6.07825e-123
5.31319e-138
6.03789e-154
8.92004e-171
1.71317e-188
4.27748e-207
1.38844e-226
5.85894e-247
3.21412e-268
2.29223e-290
2.12524e-313
0
0
0
0
0
0
0
0
0
0
0
0
];
expExplicitC0999 = [0
0
0
0
0
0
0
0
0
0
0
0
0
0
0
0
0
0
0
0
0
0
0
0
3.2425e-313
4.63934e-291
8.62949e-270
2.08673e-249
6.55994e-230
2.68093e-211
1.42438e-193
9.83819e-177
8.83402e-161
1.03123e-145
1.56496e-131
3.08747e-118
7.91873e-106
2.64034e-94
1.14451e-83
6.44954e-74
4.72493e-65
4.5003e-57
5.5751e-50
9.01247e-44
1.94839e-38
6.62976e-34
6.41461e-30
3.05777e-26
8.69476e-23
1.61029e-19
2.02571e-16
1.75604e-13
1.04052e-10
4.07416e-08
9.78718e-06
0.00122828
0.0522885
0.385509
0.386702
0.0507363
0.00086608
1.92218e-06
5.54613e-10
2.08036e-14
1.01447e-19
6.4312e-26
5.30027e-33
5.67879e-41
7.90981e-50
1.43228e-59
3.37166e-70
1.03184e-81
4.10517e-94
2.12326e-107
1.42767e-121
1.24797e-136
1.41819e-152
2.09516e-169
4.02394e-187
1.0047e-205
3.2612e-225
1.37616e-245
7.5494e-267
5.38405e-289
4.99181e-312
0
0
0
0
0
0
0
0
0
0
0
0
0
0
0
];


expExplicitTime10 = [0
0
0
0
0
0
0
0
0
0
0
0
0
0
0
0
0
0
0
0
0
0
0
0
0
4.63934e-318
8.62949e-297
2.08673e-276
6.55994e-257
2.68093e-238
1.42438e-220
9.83819e-204
8.83402e-188
1.03123e-172
1.56496e-158
3.08747e-145
7.91873e-133
2.64034e-121
1.14451e-110
6.44955e-101
4.72499e-92
4.50073e-84
5.57915e-77
9.06261e-71
2.02963e-65
8.41399e-61
1.3083e-56
1.13714e-52
6.50316e-49
2.66424e-45
8.22483e-42
1.97617e-38
3.77514e-35
5.8148e-32
7.28423e-29
7.45345e-26
6.23259e-23
4.24503e-20
2.33747e-17
1.02757e-14
3.53728e-12
9.25912e-10
1.76083e-07
2.25673e-05
0.00169793
0.0552755
0.385508
0.383689
0.0502892
0.000858333
1.90496e-06
5.49641e-10
2.06171e-14
1.00538e-19
6.37355e-26
5.25275e-33
5.62788e-41
7.8389e-50
1.41944e-59
3.34144e-70
1.02259e-81
4.06837e-94
2.10423e-107
1.41487e-121
1.23679e-136
1.40548e-152
2.07638e-169
3.98787e-187
9.95698e-206
3.23196e-225
1.36382e-245
7.48173e-267
5.33579e-289
4.94706e-312
0
0
0
0
0
0
];

expExplicitPoints200 = [0
0
0
0
0
0
0
0
0
0
0
0
0
0
0
0
0
0
0
0
0
0
0
0
0
0
0
0
0
0
0
0
0
0
0
0
0
0
0
0
0
0
0
0
0
0
0
0
0
0
0
0
0
0
0
1.50988e-317
6.55999e-308
1.71141e-298
2.68099e-289
2.52189e-280
1.42446e-271
4.83136e-263
9.83983e-255
1.20341e-246
8.83811e-239
3.89804e-231
1.03255e-223
1.6429e-216
1.57053e-209
9.02357e-203
3.11803e-196
6.48632e-190
8.1372e-184
6.1734e-178
2.84524e-172
8.0244e-167
1.4006e-161
1.5388e-156
1.08998e-151
5.1358e-147
1.67039e-142
3.90044e-138
6.79069e-134
9.11782e-130
9.71781e-126
8.42151e-122
6.05315e-118
3.66828e-114
1.89985e-110
8.50453e-107
3.32154e-103
1.14082e-99
3.46873e-96
9.38933e-93
2.27334e-89
4.943e-86
9.68428e-83
1.71436e-79
2.74845e-76
3.9978e-73
5.28347e-70
6.35089e-67
6.94806e-64
6.92069e-61
6.27607e-58
5.17994e-55
3.88826e-52
2.65166e-49
1.64052e-46
9.19054e-44
4.65146e-41
2.12082e-38
8.6819e-36
3.17814e-33
1.03538e-30
2.98494e-28
7.56415e-26
1.67151e-23
3.19041e-21
5.20025e-19
7.13972e-17
8.12109e-15
7.50052e-13
5.48966e-11
3.09254e-09
1.29599e-07
3.88962e-06
8.03848e-05
0.00110269
0.0097354
0.0540346
0.185449
0.389255
0.496174
0.382395
0.177701
0.0497108
0.00836294
0.000845573
5.13653e-05
1.87422e-06
4.10719e-08
5.40517e-10
4.27162e-12
2.02714e-14
5.7766e-17
9.88455e-20
1.01562e-22
6.26614e-26
2.32144e-29
5.16419e-33
6.89821e-37
5.53298e-41
2.66483e-45
7.70671e-50
1.33831e-54
1.39551e-59
8.73766e-65
3.28508e-70
7.41628e-76
1.00534e-81
8.18333e-88
3.99976e-94
1.17389e-100
2.06874e-107
2.18915e-114
1.39101e-121
5.30732e-129
1.21593e-136
1.67274e-144
1.38178e-152
6.85385e-161
2.04136e-169
3.65084e-178
3.92061e-187
2.52815e-196
9.78906e-206
2.27597e-215
3.17746e-225
2.66368e-235
1.34082e-245
4.05275e-256
7.35555e-267
8.01622e-278
5.2458e-289
2.0613e-300
4.86363e-312
9.88131e-324
0
0
0
0
0
0
0
0
0
0
0
0
];

