
expRichtmyer025=[0
0
0
0
0
0
0
0
0
0
0
0
0
0
0
0
0
0
0
0
0
-1.61118e-313
-1.77324e-290
-2.53714e-268
-4.71925e-247
-1.14118e-226
-3.58747e-207
-1.46614e-188
-7.78955e-171
-5.38026e-154
-4.83111e-138
-5.63952e-123
-8.55835e-109
-1.68846e-95
-4.33055e-83
-1.44394e-71
-6.25902e-61
-3.52709e-51
-2.58392e-42
-2.4609e-34
-3.04692e-27
-4.90434e-21
-1.02625e-15
-2.79181e-11
-9.87466e-08
-4.54473e-05
-0.00273675
-0.0217463
0.0183293
0.386176
0.411036
0.0661032
0.00933926
0.0047643
0.00267883
0.00150684
0.000847598
0.000476774
0.000268185
0.000150854
8.48555e-05
4.77312e-05
2.68488e-05
1.51025e-05
8.49514e-06
4.77851e-06
2.68791e-06
1.51195e-06
8.50473e-07
4.78391e-07
2.69095e-07
1.51366e-07
8.51433e-08
4.78931e-08
2.69399e-08
1.51537e-08
8.52395e-09
4.79472e-09
2.69703e-09
1.51708e-09
8.53357e-10
4.80013e-10
2.70008e-10
1.51879e-10
8.54321e-11
4.80555e-11
2.70312e-11
1.52051e-11
8.55285e-12
4.81098e-12
2.70618e-12
1.52222e-12
8.56251e-13
4.81641e-13
2.70923e-13
1.52394e-13
8.57218e-14
4.82185e-14
3.96769e-14
0
]; 
expRichtmyer050=[0
0
0
0
0
0
0
0
0
0
0
0
0
0
0
0
0
0
0
0
0
-2.76202e-313
-3.03984e-290
-4.34938e-268
-8.09015e-247
-1.95631e-226
-6.14995e-207
-2.51338e-188
-1.33535e-170
-9.22331e-154
-8.2819e-138
-9.66775e-123
-1.46715e-108
-2.8945e-95
-7.42381e-83
-2.47532e-71
-1.07297e-60
-6.04644e-51
-4.42957e-42
-4.21868e-34
-5.22329e-27
-8.40744e-21
-1.75929e-15
-4.78597e-11
-1.69283e-07
-7.79207e-05
-0.00469774
-0.0381688
-0.00661877
0.381689
0.423451
0.0772125
0.0172521
0.010239
0.00639818
0.00399886
0.00249929
0.00156206
0.000976285
0.000610178
0.000381361
0.000238351
0.000148969
9.31058e-05
5.81911e-05
3.63695e-05
2.27309e-05
1.42068e-05
8.87926e-06
5.54954e-06
3.46846e-06
2.16779e-06
1.35487e-06
8.46793e-07
5.29245e-07
3.30778e-07
2.06736e-07
1.2921e-07
8.07564e-08
5.04728e-08
3.15455e-08
1.97159e-08
1.23225e-08
7.70153e-09
4.81346e-09
3.00841e-09
1.88026e-09
1.17516e-09
7.34475e-10
4.59047e-10
2.86904e-10
1.79315e-10
1.12072e-10
7.0045e-11
4.37782e-11
2.73613e-11
1.71008e-11
1.0688e-11
1.09621e-11
0
]; 
expRichtmyer075=[0
0
0
0
0
0
0
0
0
0
0
0
0
0
0
0
0
0
0
0
0
-3.45253e-313
-3.7998e-290
-5.43673e-268
-1.01127e-246
-2.44539e-226
-7.68743e-207
-3.14172e-188
-1.66919e-170
-1.15291e-153
-1.03524e-137
-1.20847e-122
-1.83393e-108
-3.61813e-95
-9.27976e-83
-3.09415e-71
-1.34122e-60
-7.55804e-51
-5.53697e-42
-5.27335e-34
-6.52911e-27
-1.05093e-20
-2.19911e-15
-5.98247e-11
-2.11607e-07
-9.74142e-05
-0.00587872
-0.0482898
-0.0239782
0.374076
0.427086
0.0830383
0.0229075
0.0151508
0.0104149
0.00716022
0.00492265
0.00338432
0.00232672
0.00159962
0.00109974
0.000756071
0.000519799
0.000357362
0.000245686
0.000168909
0.000116125
7.9836e-05
5.48873e-05
3.7735e-05
2.59428e-05
1.78357e-05
1.2262e-05
8.43015e-06
5.79573e-06
3.98456e-06
2.73939e-06
1.88333e-06
1.29479e-06
8.90167e-07
6.1199e-07
4.20743e-07
2.89261e-07
1.98867e-07
1.36721e-07
9.39956e-08
6.4622e-08
4.44276e-08
3.0544e-08
2.0999e-08
1.44368e-08
9.9253e-09
6.82365e-09
4.69126e-09
3.22524e-09
2.21735e-09
1.52443e-09
1.04805e-09
1.36634e-09
0
]; 
expRichtmyer0999=[0
0
0
0
0
0
0
0
0
0
0
0
0
0
0
0
0
0
0
0
0
-3.68269e-313
-4.05312e-290
-5.79917e-268
-1.07869e-246
-2.60841e-226
-8.19992e-207
-3.35116e-188
-1.78047e-170
-1.22977e-153
-1.10425e-137
-1.28903e-122
-1.95619e-108
-3.85933e-95
-9.8984e-83
-3.30043e-71
-1.43063e-60
-8.06191e-51
-5.90609e-42
-5.6249e-34
-6.96437e-27
-1.12099e-20
-2.34571e-15
-6.38131e-11
-2.25718e-07
-0.000103922
-0.00627723
-0.0519598
-0.032442
0.365762
0.423177
0.082853
0.0247612
0.0179124
0.0134283
0.0100679
0.00754841
0.00565942
0.00424315
0.0031813
0.00238518
0.00178829
0.00134077
0.00100524
0.00075368
0.000565072
0.000423663
0.000317641
0.000238151
0.000178554
0.000133871
0.00010037
7.52522e-05
5.64203e-05
4.23011e-05
3.17153e-05
2.37785e-05
1.78279e-05
1.33665e-05
1.00215e-05
7.51365e-06
5.63336e-06
4.22361e-06
3.16665e-06
2.3742e-06
1.78005e-06
1.3346e-06
1.00061e-06
7.5021e-07
5.6247e-07
4.21712e-07
3.16178e-07
2.37055e-07
1.77732e-07
1.33254e-07
9.99075e-08
7.49056e-08
5.61605e-08
9.61606e-08
0
]; 
expRichtmyerPoints200=[0
0
0
0
0
0
0
0
0
0
0
0
0
0
0
0
0
0
0
0
0
0
0
0
0
0
0
0
0
0
0
0
0
0
0
0
0
0
0
0
0
0
0
0
-3.68269e-313
-1.57664e-301
-4.05312e-290
-6.25653e-279
-5.79917e-268
-3.22765e-257
-1.07869e-246
-2.16467e-236
-2.60841e-226
-1.88733e-216
-8.19992e-207
-2.13924e-197
-3.35116e-188
-3.15225e-179
-1.78047e-170
-6.03859e-162
-1.22977e-153
-1.50384e-145
-1.10425e-137
-4.8688e-130
-1.28903e-122
-2.04924e-115
-1.95619e-108
-1.12129e-101
-3.85933e-95
-7.97617e-89
-9.8984e-83
-7.37605e-77
-3.30043e-71
-8.8676e-66
-1.43064e-60
-1.38593e-55
-8.06201e-51
-2.81601e-46
-5.9063e-42
-7.43857e-38
-5.62546e-34
-2.55462e-30
-6.96628e-27
-1.14076e-23
-1.12184e-20
-6.6258e-18
-2.35057e-15
-5.0098e-13
-6.41659e-11
-4.94077e-09
-2.28804e-07
-6.37232e-06
-0.00010653
-0.00106017
-0.00609987
-0.0181873
-0.0122185
0.0919164
0.32011
0.490706
0.424724
0.230274
0.093535
0.0414817
0.025618
0.0186123
0.0139169
0.0104328
0.00782197
0.00586452
0.00439692
0.00329659
0.00247162
0.0018531
0.00138936
0.00104167
0.000780994
0.00058555
0.000439016
0.000329153
0.000246782
0.000185025
0.000138722
0.000104007
7.79794e-05
5.8465e-05
4.38342e-05
3.28647e-05
2.46403e-05
1.8474e-05
1.38509e-05
1.03847e-05
7.78595e-06
5.83751e-06
4.37668e-06
3.28141e-06
2.46024e-06
1.84456e-06
1.38296e-06
1.03688e-06
7.77398e-07
5.82854e-07
4.36995e-07
3.27637e-07
2.45646e-07
1.84173e-07
1.38084e-07
1.03528e-07
7.76203e-08
5.81958e-08
4.36323e-08
3.27133e-08
2.45268e-08
1.8389e-08
1.37871e-08
1.03369e-08
7.75009e-09
5.81063e-09
4.35652e-09
3.2663e-09
2.44891e-09
1.83607e-09
1.37659e-09
1.0321e-09
7.73818e-10
5.8017e-10
4.34982e-10
3.26128e-10
2.44514e-10
1.83325e-10
1.37448e-10
1.03051e-10
7.72628e-11
5.79278e-11
4.34314e-11
3.25627e-11
2.44139e-11
1.83043e-11
1.37236e-11
1.02893e-11
7.7144e-12
5.78387e-12
4.33646e-12
3.25126e-12
2.43763e-12
1.82761e-12
1.37025e-12
1.02735e-12
7.70254e-13
5.77498e-13
4.32979e-13
3.24626e-13
2.43388e-13
1.8248e-13
1.36815e-13
1.02577e-13
7.6907e-14
5.7661e-14
9.87299e-14
0
]; 
