
expLax025 =[0
3.44053e-129
8.82427e-117
2.94228e-105
1.27539e-94
7.18706e-85
5.26519e-76
5.01449e-68
6.20846e-61
9.99134e-55
2.08776e-49
5.61764e-45
1.81957e-41
2.72688e-39
-1.49834e-36
2.17307e-34
-1.65356e-32
6.57216e-31
1.12617e-30
-2.07848e-27
1.64304e-25
-8.22446e-24
3.11362e-22
-9.48672e-21
2.39808e-19
-5.11545e-18
9.29615e-17
-1.44518e-15
1.92016e-14
-2.16438e-13
2.03156e-12
-1.51848e-11
7.89017e-11
-9.2444e-11
-3.70391e-09
5.37854e-08
-4.81142e-07
3.26758e-06
-1.77123e-05
7.73008e-05
-0.000267616
0.000703323
-0.00124944
0.000869748
0.00227722
-0.00709511
0.00415916
0.0136068
-0.0193826
-0.0225587
0.0404148
0.0526766
-0.0440698
-0.121993
-0.0567428
0.107043
0.236319
0.260329
0.203605
0.124895
0.0629478
0.0267758
0.00978015
0.00310437
0.000863647
0.000211898
4.60576e-05
8.89684e-06
1.53049e-06
2.34735e-07
3.21068e-08
3.91426e-09
4.24756e-10
4.09353e-11
3.49259e-12
2.62691e-13
1.73222e-14
9.94398e-16
4.92514e-17
2.08054e-18
7.3848e-20
2.15921e-21
5.06161e-23
9.15306e-25
1.20436e-26
1.04643e-28
4.97688e-31
7.9814e-34
2.19108e-37
8.16445e-42
3.97788e-47
2.52148e-53
2.07805e-60
2.22645e-68
3.10115e-77
5.61546e-87
1.32191e-97
4.04546e-109
1.60949e-121
0
];
expLax050=[0
0
0
0
0
0
0
-1.43996e-304
-2.06028e-282
-3.83226e-261
-9.26695e-241
-2.9132e-221
-1.19057e-202
-6.3255e-185
-4.36904e-168
-3.92309e-152
-4.57957e-137
-6.9498e-123
-1.37111e-109
-3.51662e-97
-1.17255e-85
-5.08263e-75
-2.86417e-65
-2.09827e-56
-1.99837e-48
-2.47422e-41
-3.98231e-35
-8.32957e-30
-2.25854e-25
-7.7866e-22
-2.87927e-19
1.17141e-17
4.03314e-16
-3.9406e-14
1.29375e-12
-2.45242e-11
2.93415e-10
-2.07187e-09
3.8452e-09
9.05685e-08
-1.16246e-06
7.38159e-06
-2.71864e-05
4.4253e-05
7.17022e-05
-0.00046109
0.000365663
0.00191878
-0.00294584
-0.00681748
0.00986549
0.0254552
-0.010399
-0.0738142
-0.0631095
0.0604788
0.207644
0.26867
0.225789
0.138321
0.0645652
0.0233915
0.00660792
0.00144729
0.000241915
2.9989e-05
2.62739e-06
1.49582e-07
4.69499e-09
5.38632e-11
1.12213e-13
3.21034e-17
1.20287e-21
5.86484e-27
3.71793e-33
3.06412e-40
3.28294e-48
4.57271e-57
8.28011e-67
1.94918e-77
5.96512e-89
2.37323e-101
1.22747e-114
8.25346e-129
7.21462e-144
8.19866e-160
1.21122e-176
2.32626e-194
5.80826e-213
1.88532e-232
7.95566e-253
4.36436e-274
3.11255e-296
2.88579e-319
0
0
0
0
0
0
];
expLax075 =[0
0
0
0
0
0
0
0
0
0
0
0
-1.4822e-323
-1.59428e-300
-2.28108e-278
-4.24296e-257
-1.02601e-236
-3.2254e-217
-1.31817e-198
-7.00339e-181
-4.83726e-164
-4.34353e-148
-5.07035e-133
-7.6946e-119
-1.51805e-105
-3.89349e-93
-1.29821e-81
-5.62733e-71
-3.17112e-61
-2.32314e-52
-2.21253e-44
-2.7394e-37
-4.40923e-31
-9.22447e-26
-2.50526e-21
-8.74791e-18
-3.62826e-15
-4.43457e-14
6.16895e-12
-1.24979e-10
8.47595e-10
3.22207e-09
-8.24343e-08
3.9577e-07
4.61176e-07
-9.08812e-06
9.46441e-06
0.000108028
-0.000162171
-0.000978358
0.000955414
0.00706571
0.00117845
-0.0321724
-0.049322
0.0302139
0.190112
0.292855
0.252131
0.133952
0.0432087
0.00762653
0.000559836
8.62595e-06
1.88778e-08
5.43686e-12
2.03888e-16
9.94213e-22
6.30276e-28
5.19441e-35
5.56537e-43
7.75183e-52
1.40368e-61
3.30432e-72
1.01123e-83
4.02318e-96
2.08086e-109
1.39916e-123
1.22305e-138
1.38987e-154
2.05332e-171
3.94357e-189
9.84638e-208
3.19607e-227
1.34868e-247
7.39863e-269
5.27652e-291
4.89211e-314
0
0
0
0
0
0
0
0
0
0
0
0
];
expLax0999 =[0
0
0
0
0
0
0
0
0
0
0
0
0
0
0
0
1.2565e-315
1.7978e-293
3.34402e-272
8.08631e-252
2.54205e-232
1.03889e-213
5.51961e-196
3.81241e-179
3.42328e-163
3.99612e-148
6.06438e-134
1.19643e-120
3.06859e-108
1.02316e-96
4.43509e-86
2.49926e-76
1.83094e-67
1.74377e-59
2.15901e-52
3.4751e-46
7.27079e-41
1.97588e-36
6.93153e-33
2.96176e-30
-1.85868e-29
-5.13368e-26
-8.65101e-25
3.85434e-22
9.6687e-21
-1.63895e-18
-4.90394e-17
4.30072e-15
1.45369e-13
-7.06273e-12
-2.67847e-10
6.90393e-09
3.03552e-07
-3.31555e-06
-0.000194373
0.000102577
0.0536196
0.386853
0.385559
0.0505406
0.000862637
1.91451e-06
5.52398e-10
2.07205e-14
1.01042e-19
6.40552e-26
5.2791e-33
5.65611e-41
7.87822e-50
1.42656e-59
3.3582e-70
1.02772e-81
4.08878e-94
2.11478e-107
1.42197e-121
1.24299e-136
1.41253e-152
2.08679e-169
4.00787e-187
1.00069e-205
3.24818e-225
1.37066e-245
7.51926e-267
5.36255e-289
4.97187e-312
0
0
0
0
0
0
0
0
0
0
0
0
0
0
0
];
expLaxPoints200=[0
0
0
0
0
0
0
0
0
0
0
0
0
0
0
0
0
0
0
0
0
0
0
0
0
0
0
0
0
0
0
0
0
-3.45846e-323
-1.93678e-312
-6.47275e-302
-1.29893e-291
-1.5652e-281
-1.13251e-271
-4.92043e-262
-1.28367e-252
-2.0109e-243
-1.89154e-234
-1.06839e-225
-3.62351e-217
-7.37936e-209
-9.02394e-201
-6.62615e-193
-2.92156e-185
-7.73493e-178
-1.22966e-170
-1.17382e-163
-6.72832e-157
-2.31578e-150
-4.78601e-144
-5.9393e-138
-4.42566e-132
-1.98015e-126
-5.31972e-121
-8.581e-116
-8.31049e-111
-4.83193e-106
-1.68642e-101
-3.53235e-97
-4.43866e-93
-3.34378e-89
-1.50829e-85
-4.06412e-82
-6.50981e-79
-6.13162e-76
-3.30527e-73
-9.4001e-71
-9.50218e-69
1.54048e-66
4.53355e-64
1.22718e-62
-6.60834e-60
-5.6431e-58
4.75136e-56
7.43182e-54
-1.30812e-52
-5.77498e-50
-7.62362e-49
3.03428e-46
1.05858e-44
-1.12158e-42
-6.32025e-41
2.8587e-39
2.49766e-37
-4.31155e-36
-7.1623e-34
-7.36018e-35
1.53092e-30
2.04314e-29
-2.42566e-27
-6.27255e-26
2.72536e-24
1.13918e-22
-1.8605e-21
-1.41416e-19
1.4852e-19
1.21005e-16
1.24556e-15
-6.63977e-14
-1.47052e-12
1.72389e-11
8.42247e-10
3.20955e-09
-2.29033e-07
-3.58428e-06
4.62445e-06
0.00066423
0.00824852
0.0511726
0.182782
0.389298
0.498887
0.385235
0.179148
0.0501282
0.00843394
0.00085278
5.18038e-05
1.89023e-06
4.14227e-08
5.45134e-10
4.30811e-12
2.04445e-14
5.82595e-17
9.96899e-20
1.0243e-22
6.31967e-26
2.34127e-29
5.20831e-33
6.95714e-37
5.58024e-41
2.6876e-45
7.77254e-50
1.34974e-54
1.40743e-59
8.8123e-65
3.31315e-70
7.47964e-76
1.01393e-81
8.25324e-88
4.03393e-94
1.18391e-100
2.08641e-107
2.20785e-114
1.4029e-121
5.35266e-129
1.22632e-136
1.68703e-144
1.39358e-152
6.9124e-161
2.0588e-169
3.68203e-178
3.95411e-187
2.54975e-196
9.87268e-206
2.29541e-215
3.2046e-225
2.68643e-235
1.35228e-245
4.08737e-256
7.41839e-267
8.0847e-278
5.29061e-289
2.07891e-300
4.90518e-312
9.88131e-324
0
0
0
0
0
0
0
0
0
0
0
0
0
0
0
0
0
0
0
0
0
0
0
0
0
0
0
0
0
];
